16  16
1 1
     2.468568216632120     0.034255432969554     0.060178835834584
     0.034255432969554     4.070690223132260     0.032042666509672
     0.060178835834584     0.032042666509672     3.685034350897186
1 2
    -0.105787986190990    -0.010604261878028    -0.028551641315445
    -0.010604261878028    -0.541126926150173    -0.006101759287210
    -0.028551641315445    -0.006101759287210    -0.561554308282211
1 3
    -0.011687531787902    -0.027504262448845     0.017123048744660
    -0.027504262448845    -0.304250947711989    -0.017882110432844
     0.017123048744660    -0.017882110432844    -0.500035561714321
1 4
     0.032035266608000     0.004847854222445     0.000224797147338
     0.004847854222445    -0.582876497367397    -0.004691327064626
     0.000224797147338    -0.004691327064626    -0.013976996764541
1 5
    -0.126641622348689     0.000191746334814    -0.009196228831689
     0.000191746334814    -0.454780215979554    -0.001342116791813
    -0.009196228831689    -0.001342116791813    -0.106715450226329
1 6
    -0.212962137977593    -0.014689684528271     0.001157680936026
    -0.014689684528271    -0.461997697618790    -0.009090451928243
     0.001157680936026    -0.009090451928243    -0.550241028959863
1 7
    -0.354096838762052     0.007631053000628    -0.000199182221109
     0.007631053000628     0.026012120046653    -0.006183457628578
    -0.000199182221109    -0.006183457628578    -0.558610111777671
1 8
    -0.263096900121309     0.000858069313366    -0.033432870422226
     0.000858069313366    -0.467028047400527    -0.015236086199926
    -0.033432870422226    -0.015236086199926    -0.425787078053690
1 9
    -0.007438810227904     0.008098221693619     0.001340279118443
     0.002844193905778    -0.068567335605621     0.006657858830827
    -0.008734281428554    -0.007267506756807    -0.064195992241148
1 10
    -0.314945548165124    -0.000671159060489     0.005705624356697
     0.007130399372133    -0.145007042479701    -0.010824411303396
    -0.000435722279214    -0.000490441137102    -0.032470785796177
1 11
    -0.338283986463211     0.004682675378645     0.009360414399222
    -0.000767861041819     0.018233839261811     0.000289717917207
    -0.003620290724977    -0.015169689940894    -0.201814538235776
1 12
    -0.041998872589320     0.015696021056823    -0.002878765462838
     0.000680514279773    -0.193987979383674     0.002988008698816
    -0.010892773988087     0.009458776791256    -0.025982984416187
1 13
    -0.026480772231007    -0.003774233215282     0.006247811901591
    -0.001605739291118    -0.260185116402572     0.001165811472322
    -0.003985366213000    -0.003530179807750    -0.164871366262669
1 14
    -0.184445722420933    -0.005804890255773    -0.006051781931898
    -0.000025149772800    -0.108269694418414    -0.002449587746253
    -0.011250809279784     0.017774424601900    -0.135613550470443
1 15
    -0.328453846628545     0.001900035849967     0.004438958844316
     0.002843071473804    -0.334588903213153    -0.005946391753064
     0.023392756946823     0.015803872417865    -0.065143074801890
1 16
    -0.184282907325542    -0.003802713722182     0.001113350252962
    -0.006085375911411    -0.192269778709160    -0.000882016234434
     0.008222047094655     0.011905386655098    -0.278021522894269
2 1
     0.000000000000000     0.000000000000000     0.000000000000000
     0.000000000000000     0.000000000000000     0.000000000000000
     0.000000000000000     0.000000000000000     0.000000000000000
2 2
     0.000000000000000     0.000000000000000     0.000000000000000
     0.000000000000000     0.000000000000000     0.000000000000000
     0.000000000000000     0.000000000000000     0.000000000000000
2 3
     0.000000000000000     0.000000000000000     0.000000000000000
     0.000000000000000     0.000000000000000     0.000000000000000
     0.000000000000000     0.000000000000000     0.000000000000000
2 4
     0.000000000000000     0.000000000000000     0.000000000000000
     0.000000000000000     0.000000000000000     0.000000000000000
     0.000000000000000     0.000000000000000     0.000000000000000
2 5
     0.000000000000000     0.000000000000000     0.000000000000000
     0.000000000000000     0.000000000000000     0.000000000000000
     0.000000000000000     0.000000000000000     0.000000000000000
2 6
     0.000000000000000     0.000000000000000     0.000000000000000
     0.000000000000000     0.000000000000000     0.000000000000000
     0.000000000000000     0.000000000000000     0.000000000000000
2 7
     0.000000000000000     0.000000000000000     0.000000000000000
     0.000000000000000     0.000000000000000     0.000000000000000
     0.000000000000000     0.000000000000000     0.000000000000000
2 8
     0.000000000000000     0.000000000000000     0.000000000000000
     0.000000000000000     0.000000000000000     0.000000000000000
     0.000000000000000     0.000000000000000     0.000000000000000
2 9
     0.000000000000000     0.000000000000000     0.000000000000000
     0.000000000000000     0.000000000000000     0.000000000000000
     0.000000000000000     0.000000000000000     0.000000000000000
2 10
     0.000000000000000     0.000000000000000     0.000000000000000
     0.000000000000000     0.000000000000000     0.000000000000000
     0.000000000000000     0.000000000000000     0.000000000000000
2 11
     0.000000000000000     0.000000000000000     0.000000000000000
     0.000000000000000     0.000000000000000     0.000000000000000
     0.000000000000000     0.000000000000000     0.000000000000000
2 12
     0.000000000000000     0.000000000000000     0.000000000000000
     0.000000000000000     0.000000000000000     0.000000000000000
     0.000000000000000     0.000000000000000     0.000000000000000
2 13
     0.000000000000000     0.000000000000000     0.000000000000000
     0.000000000000000     0.000000000000000     0.000000000000000
     0.000000000000000     0.000000000000000     0.000000000000000
2 14
     0.000000000000000     0.000000000000000     0.000000000000000
     0.000000000000000     0.000000000000000     0.000000000000000
     0.000000000000000     0.000000000000000     0.000000000000000
2 15
     0.000000000000000     0.000000000000000     0.000000000000000
     0.000000000000000     0.000000000000000     0.000000000000000
     0.000000000000000     0.000000000000000     0.000000000000000
2 16
     0.000000000000000     0.000000000000000     0.000000000000000
     0.000000000000000     0.000000000000000     0.000000000000000
     0.000000000000000     0.000000000000000     0.000000000000000
3 1
     0.000000000000000     0.000000000000000     0.000000000000000
     0.000000000000000     0.000000000000000     0.000000000000000
     0.000000000000000     0.000000000000000     0.000000000000000
3 2
     0.000000000000000     0.000000000000000     0.000000000000000
     0.000000000000000     0.000000000000000     0.000000000000000
     0.000000000000000     0.000000000000000     0.000000000000000
3 3
     0.000000000000000     0.000000000000000     0.000000000000000
     0.000000000000000     0.000000000000000     0.000000000000000
     0.000000000000000     0.000000000000000     0.000000000000000
3 4
     0.000000000000000     0.000000000000000     0.000000000000000
     0.000000000000000     0.000000000000000     0.000000000000000
     0.000000000000000     0.000000000000000     0.000000000000000
3 5
     0.000000000000000     0.000000000000000     0.000000000000000
     0.000000000000000     0.000000000000000     0.000000000000000
     0.000000000000000     0.000000000000000     0.000000000000000
3 6
     0.000000000000000     0.000000000000000     0.000000000000000
     0.000000000000000     0.000000000000000     0.000000000000000
     0.000000000000000     0.000000000000000     0.000000000000000
3 7
     0.000000000000000     0.000000000000000     0.000000000000000
     0.000000000000000     0.000000000000000     0.000000000000000
     0.000000000000000     0.000000000000000     0.000000000000000
3 8
     0.000000000000000     0.000000000000000     0.000000000000000
     0.000000000000000     0.000000000000000     0.000000000000000
     0.000000000000000     0.000000000000000     0.000000000000000
3 9
     0.000000000000000     0.000000000000000     0.000000000000000
     0.000000000000000     0.000000000000000     0.000000000000000
     0.000000000000000     0.000000000000000     0.000000000000000
3 10
     0.000000000000000     0.000000000000000     0.000000000000000
     0.000000000000000     0.000000000000000     0.000000000000000
     0.000000000000000     0.000000000000000     0.000000000000000
3 11
     0.000000000000000     0.000000000000000     0.000000000000000
     0.000000000000000     0.000000000000000     0.000000000000000
     0.000000000000000     0.000000000000000     0.000000000000000
3 12
     0.000000000000000     0.000000000000000     0.000000000000000
     0.000000000000000     0.000000000000000     0.000000000000000
     0.000000000000000     0.000000000000000     0.000000000000000
3 13
     0.000000000000000     0.000000000000000     0.000000000000000
     0.000000000000000     0.000000000000000     0.000000000000000
     0.000000000000000     0.000000000000000     0.000000000000000
3 14
     0.000000000000000     0.000000000000000     0.000000000000000
     0.000000000000000     0.000000000000000     0.000000000000000
     0.000000000000000     0.000000000000000     0.000000000000000
3 15
     0.000000000000000     0.000000000000000     0.000000000000000
     0.000000000000000     0.000000000000000     0.000000000000000
     0.000000000000000     0.000000000000000     0.000000000000000
3 16
     0.000000000000000     0.000000000000000     0.000000000000000
     0.000000000000000     0.000000000000000     0.000000000000000
     0.000000000000000     0.000000000000000     0.000000000000000
4 1
     0.000000000000000     0.000000000000000     0.000000000000000
     0.000000000000000     0.000000000000000     0.000000000000000
     0.000000000000000     0.000000000000000     0.000000000000000
4 2
     0.000000000000000     0.000000000000000     0.000000000000000
     0.000000000000000     0.000000000000000     0.000000000000000
     0.000000000000000     0.000000000000000     0.000000000000000
4 3
     0.000000000000000     0.000000000000000     0.000000000000000
     0.000000000000000     0.000000000000000     0.000000000000000
     0.000000000000000     0.000000000000000     0.000000000000000
4 4
     0.000000000000000     0.000000000000000     0.000000000000000
     0.000000000000000     0.000000000000000     0.000000000000000
     0.000000000000000     0.000000000000000     0.000000000000000
4 5
     0.000000000000000     0.000000000000000     0.000000000000000
     0.000000000000000     0.000000000000000     0.000000000000000
     0.000000000000000     0.000000000000000     0.000000000000000
4 6
     0.000000000000000     0.000000000000000     0.000000000000000
     0.000000000000000     0.000000000000000     0.000000000000000
     0.000000000000000     0.000000000000000     0.000000000000000
4 7
     0.000000000000000     0.000000000000000     0.000000000000000
     0.000000000000000     0.000000000000000     0.000000000000000
     0.000000000000000     0.000000000000000     0.000000000000000
4 8
     0.000000000000000     0.000000000000000     0.000000000000000
     0.000000000000000     0.000000000000000     0.000000000000000
     0.000000000000000     0.000000000000000     0.000000000000000
4 9
     0.000000000000000     0.000000000000000     0.000000000000000
     0.000000000000000     0.000000000000000     0.000000000000000
     0.000000000000000     0.000000000000000     0.000000000000000
4 10
     0.000000000000000     0.000000000000000     0.000000000000000
     0.000000000000000     0.000000000000000     0.000000000000000
     0.000000000000000     0.000000000000000     0.000000000000000
4 11
     0.000000000000000     0.000000000000000     0.000000000000000
     0.000000000000000     0.000000000000000     0.000000000000000
     0.000000000000000     0.000000000000000     0.000000000000000
4 12
     0.000000000000000     0.000000000000000     0.000000000000000
     0.000000000000000     0.000000000000000     0.000000000000000
     0.000000000000000     0.000000000000000     0.000000000000000
4 13
     0.000000000000000     0.000000000000000     0.000000000000000
     0.000000000000000     0.000000000000000     0.000000000000000
     0.000000000000000     0.000000000000000     0.000000000000000
4 14
     0.000000000000000     0.000000000000000     0.000000000000000
     0.000000000000000     0.000000000000000     0.000000000000000
     0.000000000000000     0.000000000000000     0.000000000000000
4 15
     0.000000000000000     0.000000000000000     0.000000000000000
     0.000000000000000     0.000000000000000     0.000000000000000
     0.000000000000000     0.000000000000000     0.000000000000000
4 16
     0.000000000000000     0.000000000000000     0.000000000000000
     0.000000000000000     0.000000000000000     0.000000000000000
     0.000000000000000     0.000000000000000     0.000000000000000
5 1
     0.000000000000000     0.000000000000000     0.000000000000000
     0.000000000000000     0.000000000000000     0.000000000000000
     0.000000000000000     0.000000000000000     0.000000000000000
5 2
     0.000000000000000     0.000000000000000     0.000000000000000
     0.000000000000000     0.000000000000000     0.000000000000000
     0.000000000000000     0.000000000000000     0.000000000000000
5 3
     0.000000000000000     0.000000000000000     0.000000000000000
     0.000000000000000     0.000000000000000     0.000000000000000
     0.000000000000000     0.000000000000000     0.000000000000000
5 4
     0.000000000000000     0.000000000000000     0.000000000000000
     0.000000000000000     0.000000000000000     0.000000000000000
     0.000000000000000     0.000000000000000     0.000000000000000
5 5
     0.000000000000000     0.000000000000000     0.000000000000000
     0.000000000000000     0.000000000000000     0.000000000000000
     0.000000000000000     0.000000000000000     0.000000000000000
5 6
     0.000000000000000     0.000000000000000     0.000000000000000
     0.000000000000000     0.000000000000000     0.000000000000000
     0.000000000000000     0.000000000000000     0.000000000000000
5 7
     0.000000000000000     0.000000000000000     0.000000000000000
     0.000000000000000     0.000000000000000     0.000000000000000
     0.000000000000000     0.000000000000000     0.000000000000000
5 8
     0.000000000000000     0.000000000000000     0.000000000000000
     0.000000000000000     0.000000000000000     0.000000000000000
     0.000000000000000     0.000000000000000     0.000000000000000
5 9
     0.000000000000000     0.000000000000000     0.000000000000000
     0.000000000000000     0.000000000000000     0.000000000000000
     0.000000000000000     0.000000000000000     0.000000000000000
5 10
     0.000000000000000     0.000000000000000     0.000000000000000
     0.000000000000000     0.000000000000000     0.000000000000000
     0.000000000000000     0.000000000000000     0.000000000000000
5 11
     0.000000000000000     0.000000000000000     0.000000000000000
     0.000000000000000     0.000000000000000     0.000000000000000
     0.000000000000000     0.000000000000000     0.000000000000000
5 12
     0.000000000000000     0.000000000000000     0.000000000000000
     0.000000000000000     0.000000000000000     0.000000000000000
     0.000000000000000     0.000000000000000     0.000000000000000
5 13
     0.000000000000000     0.000000000000000     0.000000000000000
     0.000000000000000     0.000000000000000     0.000000000000000
     0.000000000000000     0.000000000000000     0.000000000000000
5 14
     0.000000000000000     0.000000000000000     0.000000000000000
     0.000000000000000     0.000000000000000     0.000000000000000
     0.000000000000000     0.000000000000000     0.000000000000000
5 15
     0.000000000000000     0.000000000000000     0.000000000000000
     0.000000000000000     0.000000000000000     0.000000000000000
     0.000000000000000     0.000000000000000     0.000000000000000
5 16
     0.000000000000000     0.000000000000000     0.000000000000000
     0.000000000000000     0.000000000000000     0.000000000000000
     0.000000000000000     0.000000000000000     0.000000000000000
6 1
     0.000000000000000     0.000000000000000     0.000000000000000
     0.000000000000000     0.000000000000000     0.000000000000000
     0.000000000000000     0.000000000000000     0.000000000000000
6 2
     0.000000000000000     0.000000000000000     0.000000000000000
     0.000000000000000     0.000000000000000     0.000000000000000
     0.000000000000000     0.000000000000000     0.000000000000000
6 3
     0.000000000000000     0.000000000000000     0.000000000000000
     0.000000000000000     0.000000000000000     0.000000000000000
     0.000000000000000     0.000000000000000     0.000000000000000
6 4
     0.000000000000000     0.000000000000000     0.000000000000000
     0.000000000000000     0.000000000000000     0.000000000000000
     0.000000000000000     0.000000000000000     0.000000000000000
6 5
     0.000000000000000     0.000000000000000     0.000000000000000
     0.000000000000000     0.000000000000000     0.000000000000000
     0.000000000000000     0.000000000000000     0.000000000000000
6 6
     0.000000000000000     0.000000000000000     0.000000000000000
     0.000000000000000     0.000000000000000     0.000000000000000
     0.000000000000000     0.000000000000000     0.000000000000000
6 7
     0.000000000000000     0.000000000000000     0.000000000000000
     0.000000000000000     0.000000000000000     0.000000000000000
     0.000000000000000     0.000000000000000     0.000000000000000
6 8
     0.000000000000000     0.000000000000000     0.000000000000000
     0.000000000000000     0.000000000000000     0.000000000000000
     0.000000000000000     0.000000000000000     0.000000000000000
6 9
     0.000000000000000     0.000000000000000     0.000000000000000
     0.000000000000000     0.000000000000000     0.000000000000000
     0.000000000000000     0.000000000000000     0.000000000000000
6 10
     0.000000000000000     0.000000000000000     0.000000000000000
     0.000000000000000     0.000000000000000     0.000000000000000
     0.000000000000000     0.000000000000000     0.000000000000000
6 11
     0.000000000000000     0.000000000000000     0.000000000000000
     0.000000000000000     0.000000000000000     0.000000000000000
     0.000000000000000     0.000000000000000     0.000000000000000
6 12
     0.000000000000000     0.000000000000000     0.000000000000000
     0.000000000000000     0.000000000000000     0.000000000000000
     0.000000000000000     0.000000000000000     0.000000000000000
6 13
     0.000000000000000     0.000000000000000     0.000000000000000
     0.000000000000000     0.000000000000000     0.000000000000000
     0.000000000000000     0.000000000000000     0.000000000000000
6 14
     0.000000000000000     0.000000000000000     0.000000000000000
     0.000000000000000     0.000000000000000     0.000000000000000
     0.000000000000000     0.000000000000000     0.000000000000000
6 15
     0.000000000000000     0.000000000000000     0.000000000000000
     0.000000000000000     0.000000000000000     0.000000000000000
     0.000000000000000     0.000000000000000     0.000000000000000
6 16
     0.000000000000000     0.000000000000000     0.000000000000000
     0.000000000000000     0.000000000000000     0.000000000000000
     0.000000000000000     0.000000000000000     0.000000000000000
7 1
     0.000000000000000     0.000000000000000     0.000000000000000
     0.000000000000000     0.000000000000000     0.000000000000000
     0.000000000000000     0.000000000000000     0.000000000000000
7 2
     0.000000000000000     0.000000000000000     0.000000000000000
     0.000000000000000     0.000000000000000     0.000000000000000
     0.000000000000000     0.000000000000000     0.000000000000000
7 3
     0.000000000000000     0.000000000000000     0.000000000000000
     0.000000000000000     0.000000000000000     0.000000000000000
     0.000000000000000     0.000000000000000     0.000000000000000
7 4
     0.000000000000000     0.000000000000000     0.000000000000000
     0.000000000000000     0.000000000000000     0.000000000000000
     0.000000000000000     0.000000000000000     0.000000000000000
7 5
     0.000000000000000     0.000000000000000     0.000000000000000
     0.000000000000000     0.000000000000000     0.000000000000000
     0.000000000000000     0.000000000000000     0.000000000000000
7 6
     0.000000000000000     0.000000000000000     0.000000000000000
     0.000000000000000     0.000000000000000     0.000000000000000
     0.000000000000000     0.000000000000000     0.000000000000000
7 7
     0.000000000000000     0.000000000000000     0.000000000000000
     0.000000000000000     0.000000000000000     0.000000000000000
     0.000000000000000     0.000000000000000     0.000000000000000
7 8
     0.000000000000000     0.000000000000000     0.000000000000000
     0.000000000000000     0.000000000000000     0.000000000000000
     0.000000000000000     0.000000000000000     0.000000000000000
7 9
     0.000000000000000     0.000000000000000     0.000000000000000
     0.000000000000000     0.000000000000000     0.000000000000000
     0.000000000000000     0.000000000000000     0.000000000000000
7 10
     0.000000000000000     0.000000000000000     0.000000000000000
     0.000000000000000     0.000000000000000     0.000000000000000
     0.000000000000000     0.000000000000000     0.000000000000000
7 11
     0.000000000000000     0.000000000000000     0.000000000000000
     0.000000000000000     0.000000000000000     0.000000000000000
     0.000000000000000     0.000000000000000     0.000000000000000
7 12
     0.000000000000000     0.000000000000000     0.000000000000000
     0.000000000000000     0.000000000000000     0.000000000000000
     0.000000000000000     0.000000000000000     0.000000000000000
7 13
     0.000000000000000     0.000000000000000     0.000000000000000
     0.000000000000000     0.000000000000000     0.000000000000000
     0.000000000000000     0.000000000000000     0.000000000000000
7 14
     0.000000000000000     0.000000000000000     0.000000000000000
     0.000000000000000     0.000000000000000     0.000000000000000
     0.000000000000000     0.000000000000000     0.000000000000000
7 15
     0.000000000000000     0.000000000000000     0.000000000000000
     0.000000000000000     0.000000000000000     0.000000000000000
     0.000000000000000     0.000000000000000     0.000000000000000
7 16
     0.000000000000000     0.000000000000000     0.000000000000000
     0.000000000000000     0.000000000000000     0.000000000000000
     0.000000000000000     0.000000000000000     0.000000000000000
8 1
     0.000000000000000     0.000000000000000     0.000000000000000
     0.000000000000000     0.000000000000000     0.000000000000000
     0.000000000000000     0.000000000000000     0.000000000000000
8 2
     0.000000000000000     0.000000000000000     0.000000000000000
     0.000000000000000     0.000000000000000     0.000000000000000
     0.000000000000000     0.000000000000000     0.000000000000000
8 3
     0.000000000000000     0.000000000000000     0.000000000000000
     0.000000000000000     0.000000000000000     0.000000000000000
     0.000000000000000     0.000000000000000     0.000000000000000
8 4
     0.000000000000000     0.000000000000000     0.000000000000000
     0.000000000000000     0.000000000000000     0.000000000000000
     0.000000000000000     0.000000000000000     0.000000000000000
8 5
     0.000000000000000     0.000000000000000     0.000000000000000
     0.000000000000000     0.000000000000000     0.000000000000000
     0.000000000000000     0.000000000000000     0.000000000000000
8 6
     0.000000000000000     0.000000000000000     0.000000000000000
     0.000000000000000     0.000000000000000     0.000000000000000
     0.000000000000000     0.000000000000000     0.000000000000000
8 7
     0.000000000000000     0.000000000000000     0.000000000000000
     0.000000000000000     0.000000000000000     0.000000000000000
     0.000000000000000     0.000000000000000     0.000000000000000
8 8
     0.000000000000000     0.000000000000000     0.000000000000000
     0.000000000000000     0.000000000000000     0.000000000000000
     0.000000000000000     0.000000000000000     0.000000000000000
8 9
     0.000000000000000     0.000000000000000     0.000000000000000
     0.000000000000000     0.000000000000000     0.000000000000000
     0.000000000000000     0.000000000000000     0.000000000000000
8 10
     0.000000000000000     0.000000000000000     0.000000000000000
     0.000000000000000     0.000000000000000     0.000000000000000
     0.000000000000000     0.000000000000000     0.000000000000000
8 11
     0.000000000000000     0.000000000000000     0.000000000000000
     0.000000000000000     0.000000000000000     0.000000000000000
     0.000000000000000     0.000000000000000     0.000000000000000
8 12
     0.000000000000000     0.000000000000000     0.000000000000000
     0.000000000000000     0.000000000000000     0.000000000000000
     0.000000000000000     0.000000000000000     0.000000000000000
8 13
     0.000000000000000     0.000000000000000     0.000000000000000
     0.000000000000000     0.000000000000000     0.000000000000000
     0.000000000000000     0.000000000000000     0.000000000000000
8 14
     0.000000000000000     0.000000000000000     0.000000000000000
     0.000000000000000     0.000000000000000     0.000000000000000
     0.000000000000000     0.000000000000000     0.000000000000000
8 15
     0.000000000000000     0.000000000000000     0.000000000000000
     0.000000000000000     0.000000000000000     0.000000000000000
     0.000000000000000     0.000000000000000     0.000000000000000
8 16
     0.000000000000000     0.000000000000000     0.000000000000000
     0.000000000000000     0.000000000000000     0.000000000000000
     0.000000000000000     0.000000000000000     0.000000000000000
9 1
    -0.007438810227904     0.002844193905778    -0.008734281428554
     0.008098221693619    -0.068567335605621    -0.007267506756807
     0.001340279118443     0.006657858830827    -0.064195992241148
9 2
    -0.314945548165124     0.007130399372133    -0.000435722279214
    -0.000671159060489    -0.145007042479701    -0.000490441137102
     0.005705624356697    -0.010824411303396    -0.032470785796177
9 3
    -0.338283986463211    -0.000767861041819    -0.003620290724977
     0.004682675378645     0.018233839261811    -0.015169689940894
     0.009360414399222     0.000289717917207    -0.201814538235776
9 4
    -0.041998872589320     0.000680514279773    -0.010892773988087
     0.015696021056823    -0.193987979383674     0.009458776791256
    -0.002878765462838     0.002988008698816    -0.025982984416187
9 5
    -0.026480772231007    -0.001605739291118    -0.003985366213000
    -0.003774233215282    -0.260185116402572    -0.003530179807750
     0.006247811901591     0.001165811472322    -0.164871366262669
9 6
    -0.184445722420933    -0.000025149772800    -0.011250809279784
    -0.005804890255773    -0.108269694418414     0.017774424601900
    -0.006051781931898    -0.002449587746253    -0.135613550470443
9 7
    -0.328453846628545     0.002843071473804     0.023392756946823
     0.001900035849967    -0.334588903213153     0.015803872417865
     0.004438958844316    -0.005946391753064    -0.065143074801890
9 8
    -0.184282907325542    -0.006085375911411     0.008222047094655
    -0.003802713722182    -0.192269778709160     0.011905386655098
     0.001113350252962    -0.000882016234434    -0.278021522894269
9 9
     3.551464124508202     0.041274578135343    -0.052646954407054
     0.041274578135343     2.056132911378518     0.059897264200405
    -0.052646954407054     0.059897264200405     3.018289881907404
9 10
    -0.058705736068077    -0.022304567404427     0.043676032778051
    -0.022304567404427     0.001312817097642    -0.022522344710478
     0.043676032778051    -0.022522344710478    -0.013990090531297
9 11
    -0.610185163817368    -0.003179746377087    -0.000366839804884
    -0.003179746377087    -0.235256483056583    -0.006617952477765
    -0.000366839804884    -0.006617952477765    -0.108762407279573
9 12
    -0.276845602947287    -0.000229342533731    -0.010116331755081
    -0.000229342533731    -0.025549669866450    -0.036589116197910
    -0.010116331755081    -0.036589116197910    -0.636197512480430
9 13
    -0.131276757596061     0.012780544213014    -0.009591485376080
     0.012780544213014     0.028559937514365    -0.015679390230623
    -0.009591485376080    -0.015679390230623    -0.429603186203167
9 14
    -0.530576297501102     0.012025828955323     0.010417979040175
     0.012025828955323    -0.048368129227310     0.002671960979953
     0.010417979040175     0.002671960979953    -0.520689188176766
9 15
    -0.525050686206669    -0.026970492811302    -0.010853240349910
    -0.026970492811302    -0.362707338994369     0.000001424624359
    -0.010853240349910     0.000001424624359    -0.111224612873048
9 16
     0.007506585679948    -0.029720759902461     0.010204948396288
    -0.029720759902461    -0.129482033895329     0.027839163930034
     0.010204948396288     0.027839163930034    -0.229709069244564
10 1
     0.000000000000000     0.000000000000000     0.000000000000000
     0.000000000000000     0.000000000000000     0.000000000000000
     0.000000000000000     0.000000000000000     0.000000000000000
10 2
     0.000000000000000     0.000000000000000     0.000000000000000
     0.000000000000000     0.000000000000000     0.000000000000000
     0.000000000000000     0.000000000000000     0.000000000000000
10 3
     0.000000000000000     0.000000000000000     0.000000000000000
     0.000000000000000     0.000000000000000     0.000000000000000
     0.000000000000000     0.000000000000000     0.000000000000000
10 4
     0.000000000000000     0.000000000000000     0.000000000000000
     0.000000000000000     0.000000000000000     0.000000000000000
     0.000000000000000     0.000000000000000     0.000000000000000
10 5
     0.000000000000000     0.000000000000000     0.000000000000000
     0.000000000000000     0.000000000000000     0.000000000000000
     0.000000000000000     0.000000000000000     0.000000000000000
10 6
     0.000000000000000     0.000000000000000     0.000000000000000
     0.000000000000000     0.000000000000000     0.000000000000000
     0.000000000000000     0.000000000000000     0.000000000000000
10 7
     0.000000000000000     0.000000000000000     0.000000000000000
     0.000000000000000     0.000000000000000     0.000000000000000
     0.000000000000000     0.000000000000000     0.000000000000000
10 8
     0.000000000000000     0.000000000000000     0.000000000000000
     0.000000000000000     0.000000000000000     0.000000000000000
     0.000000000000000     0.000000000000000     0.000000000000000
10 9
     0.000000000000000     0.000000000000000     0.000000000000000
     0.000000000000000     0.000000000000000     0.000000000000000
     0.000000000000000     0.000000000000000     0.000000000000000
10 10
     0.000000000000000     0.000000000000000     0.000000000000000
     0.000000000000000     0.000000000000000     0.000000000000000
     0.000000000000000     0.000000000000000     0.000000000000000
10 11
     0.000000000000000     0.000000000000000     0.000000000000000
     0.000000000000000     0.000000000000000     0.000000000000000
     0.000000000000000     0.000000000000000     0.000000000000000
10 12
     0.000000000000000     0.000000000000000     0.000000000000000
     0.000000000000000     0.000000000000000     0.000000000000000
     0.000000000000000     0.000000000000000     0.000000000000000
10 13
     0.000000000000000     0.000000000000000     0.000000000000000
     0.000000000000000     0.000000000000000     0.000000000000000
     0.000000000000000     0.000000000000000     0.000000000000000
10 14
     0.000000000000000     0.000000000000000     0.000000000000000
     0.000000000000000     0.000000000000000     0.000000000000000
     0.000000000000000     0.000000000000000     0.000000000000000
10 15
     0.000000000000000     0.000000000000000     0.000000000000000
     0.000000000000000     0.000000000000000     0.000000000000000
     0.000000000000000     0.000000000000000     0.000000000000000
10 16
     0.000000000000000     0.000000000000000     0.000000000000000
     0.000000000000000     0.000000000000000     0.000000000000000
     0.000000000000000     0.000000000000000     0.000000000000000
11 1
     0.000000000000000     0.000000000000000     0.000000000000000
     0.000000000000000     0.000000000000000     0.000000000000000
     0.000000000000000     0.000000000000000     0.000000000000000
11 2
     0.000000000000000     0.000000000000000     0.000000000000000
     0.000000000000000     0.000000000000000     0.000000000000000
     0.000000000000000     0.000000000000000     0.000000000000000
11 3
     0.000000000000000     0.000000000000000     0.000000000000000
     0.000000000000000     0.000000000000000     0.000000000000000
     0.000000000000000     0.000000000000000     0.000000000000000
11 4
     0.000000000000000     0.000000000000000     0.000000000000000
     0.000000000000000     0.000000000000000     0.000000000000000
     0.000000000000000     0.000000000000000     0.000000000000000
11 5
     0.000000000000000     0.000000000000000     0.000000000000000
     0.000000000000000     0.000000000000000     0.000000000000000
     0.000000000000000     0.000000000000000     0.000000000000000
11 6
     0.000000000000000     0.000000000000000     0.000000000000000
     0.000000000000000     0.000000000000000     0.000000000000000
     0.000000000000000     0.000000000000000     0.000000000000000
11 7
     0.000000000000000     0.000000000000000     0.000000000000000
     0.000000000000000     0.000000000000000     0.000000000000000
     0.000000000000000     0.000000000000000     0.000000000000000
11 8
     0.000000000000000     0.000000000000000     0.000000000000000
     0.000000000000000     0.000000000000000     0.000000000000000
     0.000000000000000     0.000000000000000     0.000000000000000
11 9
     0.000000000000000     0.000000000000000     0.000000000000000
     0.000000000000000     0.000000000000000     0.000000000000000
     0.000000000000000     0.000000000000000     0.000000000000000
11 10
     0.000000000000000     0.000000000000000     0.000000000000000
     0.000000000000000     0.000000000000000     0.000000000000000
     0.000000000000000     0.000000000000000     0.000000000000000
11 11
     0.000000000000000     0.000000000000000     0.000000000000000
     0.000000000000000     0.000000000000000     0.000000000000000
     0.000000000000000     0.000000000000000     0.000000000000000
11 12
     0.000000000000000     0.000000000000000     0.000000000000000
     0.000000000000000     0.000000000000000     0.000000000000000
     0.000000000000000     0.000000000000000     0.000000000000000
11 13
     0.000000000000000     0.000000000000000     0.000000000000000
     0.000000000000000     0.000000000000000     0.000000000000000
     0.000000000000000     0.000000000000000     0.000000000000000
11 14
     0.000000000000000     0.000000000000000     0.000000000000000
     0.000000000000000     0.000000000000000     0.000000000000000
     0.000000000000000     0.000000000000000     0.000000000000000
11 15
     0.000000000000000     0.000000000000000     0.000000000000000
     0.000000000000000     0.000000000000000     0.000000000000000
     0.000000000000000     0.000000000000000     0.000000000000000
11 16
     0.000000000000000     0.000000000000000     0.000000000000000
     0.000000000000000     0.000000000000000     0.000000000000000
     0.000000000000000     0.000000000000000     0.000000000000000
12 1
     0.000000000000000     0.000000000000000     0.000000000000000
     0.000000000000000     0.000000000000000     0.000000000000000
     0.000000000000000     0.000000000000000     0.000000000000000
12 2
     0.000000000000000     0.000000000000000     0.000000000000000
     0.000000000000000     0.000000000000000     0.000000000000000
     0.000000000000000     0.000000000000000     0.000000000000000
12 3
     0.000000000000000     0.000000000000000     0.000000000000000
     0.000000000000000     0.000000000000000     0.000000000000000
     0.000000000000000     0.000000000000000     0.000000000000000
12 4
     0.000000000000000     0.000000000000000     0.000000000000000
     0.000000000000000     0.000000000000000     0.000000000000000
     0.000000000000000     0.000000000000000     0.000000000000000
12 5
     0.000000000000000     0.000000000000000     0.000000000000000
     0.000000000000000     0.000000000000000     0.000000000000000
     0.000000000000000     0.000000000000000     0.000000000000000
12 6
     0.000000000000000     0.000000000000000     0.000000000000000
     0.000000000000000     0.000000000000000     0.000000000000000
     0.000000000000000     0.000000000000000     0.000000000000000
12 7
     0.000000000000000     0.000000000000000     0.000000000000000
     0.000000000000000     0.000000000000000     0.000000000000000
     0.000000000000000     0.000000000000000     0.000000000000000
12 8
     0.000000000000000     0.000000000000000     0.000000000000000
     0.000000000000000     0.000000000000000     0.000000000000000
     0.000000000000000     0.000000000000000     0.000000000000000
12 9
     0.000000000000000     0.000000000000000     0.000000000000000
     0.000000000000000     0.000000000000000     0.000000000000000
     0.000000000000000     0.000000000000000     0.000000000000000
12 10
     0.000000000000000     0.000000000000000     0.000000000000000
     0.000000000000000     0.000000000000000     0.000000000000000
     0.000000000000000     0.000000000000000     0.000000000000000
12 11
     0.000000000000000     0.000000000000000     0.000000000000000
     0.000000000000000     0.000000000000000     0.000000000000000
     0.000000000000000     0.000000000000000     0.000000000000000
12 12
     0.000000000000000     0.000000000000000     0.000000000000000
     0.000000000000000     0.000000000000000     0.000000000000000
     0.000000000000000     0.000000000000000     0.000000000000000
12 13
     0.000000000000000     0.000000000000000     0.000000000000000
     0.000000000000000     0.000000000000000     0.000000000000000
     0.000000000000000     0.000000000000000     0.000000000000000
12 14
     0.000000000000000     0.000000000000000     0.000000000000000
     0.000000000000000     0.000000000000000     0.000000000000000
     0.000000000000000     0.000000000000000     0.000000000000000
12 15
     0.000000000000000     0.000000000000000     0.000000000000000
     0.000000000000000     0.000000000000000     0.000000000000000
     0.000000000000000     0.000000000000000     0.000000000000000
12 16
     0.000000000000000     0.000000000000000     0.000000000000000
     0.000000000000000     0.000000000000000     0.000000000000000
     0.000000000000000     0.000000000000000     0.000000000000000
13 1
     0.000000000000000     0.000000000000000     0.000000000000000
     0.000000000000000     0.000000000000000     0.000000000000000
     0.000000000000000     0.000000000000000     0.000000000000000
13 2
     0.000000000000000     0.000000000000000     0.000000000000000
     0.000000000000000     0.000000000000000     0.000000000000000
     0.000000000000000     0.000000000000000     0.000000000000000
13 3
     0.000000000000000     0.000000000000000     0.000000000000000
     0.000000000000000     0.000000000000000     0.000000000000000
     0.000000000000000     0.000000000000000     0.000000000000000
13 4
     0.000000000000000     0.000000000000000     0.000000000000000
     0.000000000000000     0.000000000000000     0.000000000000000
     0.000000000000000     0.000000000000000     0.000000000000000
13 5
     0.000000000000000     0.000000000000000     0.000000000000000
     0.000000000000000     0.000000000000000     0.000000000000000
     0.000000000000000     0.000000000000000     0.000000000000000
13 6
     0.000000000000000     0.000000000000000     0.000000000000000
     0.000000000000000     0.000000000000000     0.000000000000000
     0.000000000000000     0.000000000000000     0.000000000000000
13 7
     0.000000000000000     0.000000000000000     0.000000000000000
     0.000000000000000     0.000000000000000     0.000000000000000
     0.000000000000000     0.000000000000000     0.000000000000000
13 8
     0.000000000000000     0.000000000000000     0.000000000000000
     0.000000000000000     0.000000000000000     0.000000000000000
     0.000000000000000     0.000000000000000     0.000000000000000
13 9
     0.000000000000000     0.000000000000000     0.000000000000000
     0.000000000000000     0.000000000000000     0.000000000000000
     0.000000000000000     0.000000000000000     0.000000000000000
13 10
     0.000000000000000     0.000000000000000     0.000000000000000
     0.000000000000000     0.000000000000000     0.000000000000000
     0.000000000000000     0.000000000000000     0.000000000000000
13 11
     0.000000000000000     0.000000000000000     0.000000000000000
     0.000000000000000     0.000000000000000     0.000000000000000
     0.000000000000000     0.000000000000000     0.000000000000000
13 12
     0.000000000000000     0.000000000000000     0.000000000000000
     0.000000000000000     0.000000000000000     0.000000000000000
     0.000000000000000     0.000000000000000     0.000000000000000
13 13
     0.000000000000000     0.000000000000000     0.000000000000000
     0.000000000000000     0.000000000000000     0.000000000000000
     0.000000000000000     0.000000000000000     0.000000000000000
13 14
     0.000000000000000     0.000000000000000     0.000000000000000
     0.000000000000000     0.000000000000000     0.000000000000000
     0.000000000000000     0.000000000000000     0.000000000000000
13 15
     0.000000000000000     0.000000000000000     0.000000000000000
     0.000000000000000     0.000000000000000     0.000000000000000
     0.000000000000000     0.000000000000000     0.000000000000000
13 16
     0.000000000000000     0.000000000000000     0.000000000000000
     0.000000000000000     0.000000000000000     0.000000000000000
     0.000000000000000     0.000000000000000     0.000000000000000
14 1
     0.000000000000000     0.000000000000000     0.000000000000000
     0.000000000000000     0.000000000000000     0.000000000000000
     0.000000000000000     0.000000000000000     0.000000000000000
14 2
     0.000000000000000     0.000000000000000     0.000000000000000
     0.000000000000000     0.000000000000000     0.000000000000000
     0.000000000000000     0.000000000000000     0.000000000000000
14 3
     0.000000000000000     0.000000000000000     0.000000000000000
     0.000000000000000     0.000000000000000     0.000000000000000
     0.000000000000000     0.000000000000000     0.000000000000000
14 4
     0.000000000000000     0.000000000000000     0.000000000000000
     0.000000000000000     0.000000000000000     0.000000000000000
     0.000000000000000     0.000000000000000     0.000000000000000
14 5
     0.000000000000000     0.000000000000000     0.000000000000000
     0.000000000000000     0.000000000000000     0.000000000000000
     0.000000000000000     0.000000000000000     0.000000000000000
14 6
     0.000000000000000     0.000000000000000     0.000000000000000
     0.000000000000000     0.000000000000000     0.000000000000000
     0.000000000000000     0.000000000000000     0.000000000000000
14 7
     0.000000000000000     0.000000000000000     0.000000000000000
     0.000000000000000     0.000000000000000     0.000000000000000
     0.000000000000000     0.000000000000000     0.000000000000000
14 8
     0.000000000000000     0.000000000000000     0.000000000000000
     0.000000000000000     0.000000000000000     0.000000000000000
     0.000000000000000     0.000000000000000     0.000000000000000
14 9
     0.000000000000000     0.000000000000000     0.000000000000000
     0.000000000000000     0.000000000000000     0.000000000000000
     0.000000000000000     0.000000000000000     0.000000000000000
14 10
     0.000000000000000     0.000000000000000     0.000000000000000
     0.000000000000000     0.000000000000000     0.000000000000000
     0.000000000000000     0.000000000000000     0.000000000000000
14 11
     0.000000000000000     0.000000000000000     0.000000000000000
     0.000000000000000     0.000000000000000     0.000000000000000
     0.000000000000000     0.000000000000000     0.000000000000000
14 12
     0.000000000000000     0.000000000000000     0.000000000000000
     0.000000000000000     0.000000000000000     0.000000000000000
     0.000000000000000     0.000000000000000     0.000000000000000
14 13
     0.000000000000000     0.000000000000000     0.000000000000000
     0.000000000000000     0.000000000000000     0.000000000000000
     0.000000000000000     0.000000000000000     0.000000000000000
14 14
     0.000000000000000     0.000000000000000     0.000000000000000
     0.000000000000000     0.000000000000000     0.000000000000000
     0.000000000000000     0.000000000000000     0.000000000000000
14 15
     0.000000000000000     0.000000000000000     0.000000000000000
     0.000000000000000     0.000000000000000     0.000000000000000
     0.000000000000000     0.000000000000000     0.000000000000000
14 16
     0.000000000000000     0.000000000000000     0.000000000000000
     0.000000000000000     0.000000000000000     0.000000000000000
     0.000000000000000     0.000000000000000     0.000000000000000
15 1
     0.000000000000000     0.000000000000000     0.000000000000000
     0.000000000000000     0.000000000000000     0.000000000000000
     0.000000000000000     0.000000000000000     0.000000000000000
15 2
     0.000000000000000     0.000000000000000     0.000000000000000
     0.000000000000000     0.000000000000000     0.000000000000000
     0.000000000000000     0.000000000000000     0.000000000000000
15 3
     0.000000000000000     0.000000000000000     0.000000000000000
     0.000000000000000     0.000000000000000     0.000000000000000
     0.000000000000000     0.000000000000000     0.000000000000000
15 4
     0.000000000000000     0.000000000000000     0.000000000000000
     0.000000000000000     0.000000000000000     0.000000000000000
     0.000000000000000     0.000000000000000     0.000000000000000
15 5
     0.000000000000000     0.000000000000000     0.000000000000000
     0.000000000000000     0.000000000000000     0.000000000000000
     0.000000000000000     0.000000000000000     0.000000000000000
15 6
     0.000000000000000     0.000000000000000     0.000000000000000
     0.000000000000000     0.000000000000000     0.000000000000000
     0.000000000000000     0.000000000000000     0.000000000000000
15 7
     0.000000000000000     0.000000000000000     0.000000000000000
     0.000000000000000     0.000000000000000     0.000000000000000
     0.000000000000000     0.000000000000000     0.000000000000000
15 8
     0.000000000000000     0.000000000000000     0.000000000000000
     0.000000000000000     0.000000000000000     0.000000000000000
     0.000000000000000     0.000000000000000     0.000000000000000
15 9
     0.000000000000000     0.000000000000000     0.000000000000000
     0.000000000000000     0.000000000000000     0.000000000000000
     0.000000000000000     0.000000000000000     0.000000000000000
15 10
     0.000000000000000     0.000000000000000     0.000000000000000
     0.000000000000000     0.000000000000000     0.000000000000000
     0.000000000000000     0.000000000000000     0.000000000000000
15 11
     0.000000000000000     0.000000000000000     0.000000000000000
     0.000000000000000     0.000000000000000     0.000000000000000
     0.000000000000000     0.000000000000000     0.000000000000000
15 12
     0.000000000000000     0.000000000000000     0.000000000000000
     0.000000000000000     0.000000000000000     0.000000000000000
     0.000000000000000     0.000000000000000     0.000000000000000
15 13
     0.000000000000000     0.000000000000000     0.000000000000000
     0.000000000000000     0.000000000000000     0.000000000000000
     0.000000000000000     0.000000000000000     0.000000000000000
15 14
     0.000000000000000     0.000000000000000     0.000000000000000
     0.000000000000000     0.000000000000000     0.000000000000000
     0.000000000000000     0.000000000000000     0.000000000000000
15 15
     0.000000000000000     0.000000000000000     0.000000000000000
     0.000000000000000     0.000000000000000     0.000000000000000
     0.000000000000000     0.000000000000000     0.000000000000000
15 16
     0.000000000000000     0.000000000000000     0.000000000000000
     0.000000000000000     0.000000000000000     0.000000000000000
     0.000000000000000     0.000000000000000     0.000000000000000
16 1
     0.000000000000000     0.000000000000000     0.000000000000000
     0.000000000000000     0.000000000000000     0.000000000000000
     0.000000000000000     0.000000000000000     0.000000000000000
16 2
     0.000000000000000     0.000000000000000     0.000000000000000
     0.000000000000000     0.000000000000000     0.000000000000000
     0.000000000000000     0.000000000000000     0.000000000000000
16 3
     0.000000000000000     0.000000000000000     0.000000000000000
     0.000000000000000     0.000000000000000     0.000000000000000
     0.000000000000000     0.000000000000000     0.000000000000000
16 4
     0.000000000000000     0.000000000000000     0.000000000000000
     0.000000000000000     0.000000000000000     0.000000000000000
     0.000000000000000     0.000000000000000     0.000000000000000
16 5
     0.000000000000000     0.000000000000000     0.000000000000000
     0.000000000000000     0.000000000000000     0.000000000000000
     0.000000000000000     0.000000000000000     0.000000000000000
16 6
     0.000000000000000     0.000000000000000     0.000000000000000
     0.000000000000000     0.000000000000000     0.000000000000000
     0.000000000000000     0.000000000000000     0.000000000000000
16 7
     0.000000000000000     0.000000000000000     0.000000000000000
     0.000000000000000     0.000000000000000     0.000000000000000
     0.000000000000000     0.000000000000000     0.000000000000000
16 8
     0.000000000000000     0.000000000000000     0.000000000000000
     0.000000000000000     0.000000000000000     0.000000000000000
     0.000000000000000     0.000000000000000     0.000000000000000
16 9
     0.000000000000000     0.000000000000000     0.000000000000000
     0.000000000000000     0.000000000000000     0.000000000000000
     0.000000000000000     0.000000000000000     0.000000000000000
16 10
     0.000000000000000     0.000000000000000     0.000000000000000
     0.000000000000000     0.000000000000000     0.000000000000000
     0.000000000000000     0.000000000000000     0.000000000000000
16 11
     0.000000000000000     0.000000000000000     0.000000000000000
     0.000000000000000     0.000000000000000     0.000000000000000
     0.000000000000000     0.000000000000000     0.000000000000000
16 12
     0.000000000000000     0.000000000000000     0.000000000000000
     0.000000000000000     0.000000000000000     0.000000000000000
     0.000000000000000     0.000000000000000     0.000000000000000
16 13
     0.000000000000000     0.000000000000000     0.000000000000000
     0.000000000000000     0.000000000000000     0.000000000000000
     0.000000000000000     0.000000000000000     0.000000000000000
16 14
     0.000000000000000     0.000000000000000     0.000000000000000
     0.000000000000000     0.000000000000000     0.000000000000000
     0.000000000000000     0.000000000000000     0.000000000000000
16 15
     0.000000000000000     0.000000000000000     0.000000000000000
     0.000000000000000     0.000000000000000     0.000000000000000
     0.000000000000000     0.000000000000000     0.000000000000000
16 16
     0.000000000000000     0.000000000000000     0.000000000000000
     0.000000000000000     0.000000000000000     0.000000000000000
     0.000000000000000     0.000000000000000     0.000000000000000
