2    4   4  6.0901580  0.0000000  1.6289100  0.0000000  0.0000000  0.0000000
           1  'Ga '    63548.6269622649
           2  'N  '    12766.3260799500
    1    2     -0.0000000050      0.5773502721      0.6122393531
    2    1      0.5000000050      0.2886751317      0.8130568969
    3    2      0.5000000050      0.2886751317      1.4266943531
    4    1     -0.0000000050      0.5773502721      1.6275118969
 T
          6.435147750739          0.000000000000          0.000000000000
          0.000000000000          6.435147750739          0.000000000000
          0.000000000000          0.000000000000          6.293269609498
    1
     -2.6760895      0.0000000      0.0000000
      0.0000000     -2.6760895      0.0000000
      0.0000000      0.0000000     -2.7876465
    2
      2.6760895      0.0000000      0.0000000
      0.0000000      2.6760895      0.0000000
      0.0000000      0.0000000      2.7876465
    3
     -2.6760895      0.0000000      0.0000000
      0.0000000     -2.6760895      0.0000000
      0.0000000      0.0000000     -2.7876465
    4
      2.6760895      0.0000000      0.0000000
      0.0000000      2.6760895      0.0000000
      0.0000000      0.0000000      2.7876465
